00001
00013
00015
00027
00037
00047
00079
00080
00082
00091
00114
00119
00125
00129
00135
00141
00145
00153
00161
00163
00174
00181
00182
00190
00200
00208
00213
00229
00252
00256
00264
00287
00307
00323
00333
00335
00337
00355
00372
00381
00384
00422
00428
00434
00438
00447
00450
00458
00460
00462
00463
00467
00474
00489
00492
00503
00521
00535
00553
00560
00573
00585
00592
00595
00603
00644
00647
00662
00671
00681
00699
00702
00712
00719
00721
00749
00762
00769
00779
00821
00822
00825
00826
00829
00833
00997
01006
01667
01668
01669
01670
01671
01672
01673
01674
01675
01676
01677
01678
01679
01680
01681
01682
01683
01684
01685
01686
01687
01688
01689
01690
01691
01692
01693
01694
01695
01696
01697
01698
01699
01700
01701
01702
01703
01704
01705
01706
01707
01708
01709
01710
01711
01712
01713
01714
01715
01716
01717
01718
01719
01720
01721
01722
01723
01724
01725
01726
01727
01728
01729
01730
01731
01732
01733
01734
01735
01736
01737
01738
01739
01740
01741
01742
01743
01744
01745
01746
01747
01748
01749
01750
01751
01752
01753
01754
01755
01756
01757
01758
01759
01760
01761
01762
01763
01764
01765
01766
01767
01768
01769
01770
01771
01772
01773
01774
01775
01776
01789
01790